location.latitude: 35.7315013
location.longitude: 51.4099018
location.elevation: 20
